[Data Memory]
Size=2
Base=0

[Data Memory Content]
000:  10030008  10010100  10020120  2C600028  04250000  04460000  28C52800  38A00010 
020:  10210004  10420004  1063FFFF  1800FFDC  0C051800  18000004  10030000  34000000 
040:  00000000  00000000  00000000  00000000  00000000  00000000  00000000  00000000 
060:  00000000  00000000  00000000  00000000  00000000  00000000  00000000  00000000 
080:  00000000  00000000  00000000  00000000  00000000  00000000  00000000  00000000 
0A0:  00000000  00000000  00000000  00000000  00000000  00000000  00000000  00000000 
0C0:  00000000  00000000  00000000  00000000  00000000  00000000  00000000  00000000 
0E0:  00000000  00000000  00000000  00000000  00000000  00000000  00000000  00000000 
100:  00000000  00000001  00000002  00000003  00000004  00000005  00000006  00000007 
120:  00000000  00000001  00000002  00000005  00000006  00000007  00000008  00000009 
140:  00000000  00000001  00000002  00000003  00000004  00000005  00000006  00000007 
160:  00000000  00000000  00000000  00000000  00000000  00000000  00000000  00000000 
180:  00000000  00000000  00000000  00000000  00000000  00000000  00000000  00000000 
1A0:  00000000  00000000  00000000  00000000  00000000  00000000  00000000  00000000 
1C0:  00000000  00000000  00000000  00000000  00000000  00000000  00000000  00000000 
1E0:  00000000  00000000  00000000  00000000  00000000  00000000  00000000  00000000 
200:  00000000  00000000  00000000  00000000  00000000  00000000  00000000  00000000 
220:  00000000  00000000  00000000  00000000  00000000  00000000  00000000  00000000 
240:  00000000  00000000  00000000  00000000  00000000  00000000  00000000  00000000 
260:  00000000  00000000  00000000  00000000  00000000  00000000  00000000  00000000 
280:  00000000  00000000  00000000  00000000  00000000  00000000  00000000  00000000 
2A0:  00000000  00000000  00000000  00000000  00000000  00000000  00000000  00000000 
2C0:  00000000  00000000  00000000  00000000  00000000  00000000  00000000  00000000 
2E0:  00000000  00000000  00000000  00000000  00000000  00000000  00000000  00000000 
300:  00000000  00000000  00000000  00000000  00000000  00000000  00000000  00000000 
320:  00000000  00000000  00000000  00000000  00000000  00000000  00000000  00000000 
340:  00000000  00000000  00000000  00000000  00000000  00000000  00000000  00000000 
360:  00000000  00000000  00000000  00000000  00000000  00000000  00000000  00000000 
380:  00000000  00000000  00000000  00000000  00000000  00000000  00000000  00000000 
3A0:  00000000  00000000  00000000  00000000  00000000  00000000  00000000  00000000 
3C0:  00000000  00000000  00000000  00000000  00000000  00000000  00000000  00000000 
3E0:  00000000  00000000  00000000  00000000  00000000  00000000  00000000  00000000 
