[Data Memory]
Size=2
Base=0

[Data Memory Content]
000:  10020010  10010000  10060004  18000014  04440100  04450200  1CA41800  0C610800 
020:  28461000  1440FFE8  080100FC  00000000  00000000  00000000  00000000  00000000 
040:  00000000  00000000  00000000  00000000  00000000  00000000  00000000  00000000 
060:  00000000  00000000  00000000  00000000  00000000  00000000  00000000  00000000 
080:  00000000  00000000  00000000  00000000  00000000  00000000  00000000  00000000 
0A0:  00000000  00000000  00000000  00000000  00000000  00000000  00000000  00000000 
0C0:  00000000  00000000  00000000  00000000  00000000  00000000  00000000  00000000 
0E0:  00000000  00000000  00000000  00000000  00000000  00000000  00000000  000A79E0 
100:  00000100  00000104  00000108  0000010C  00000110  00000000  00000000  00000000 
120:  00000000  00000000  00000000  00000000  00000000  00000000  00000000  00000000 
140:  00000000  00000000  00000000  00000000  00000000  00000000  00000000  00000000 
160:  00000000  00000000  00000000  00000000  00000000  00000000  00000000  00000000 
180:  00000000  00000000  00000000  00000000  00000000  00000000  00000000  00000000 
1A0:  00000000  00000000  00000000  00000000  00000000  00000000  00000000  00000000 
1C0:  00000000  00000000  00000000  00000000  00000000  00000000  00000000  00000000 
1E0:  00000000  00000000  00000000  00000000  00000000  00000000  00000000  00000000 
200:  00000200  00000204  00000208  0000020C  00000210  00000000  00000000  00000000 
220:  00000000  00000000  00000000  00000000  00000000  00000000  00000000  00000000 
240:  00000000  00000000  00000000  00000000  00000000  00000000  00000000  00000000 
260:  00000000  00000000  00000000  00000000  00000000  00000000  00000000  00000000 
280:  00000000  00000000  00000000  00000000  00000000  00000000  00000000  00000000 
2A0:  00000000  00000000  00000000  00000000  00000000  00000000  00000000  00000000 
2C0:  00000000  00000000  00000000  00000000  00000000  00000000  00000000  00000000 
2E0:  00000000  00000000  00000000  00000000  00000000  00000000  00000000  00000000 
300:  00000000  00000000  00000000  00000000  00000000  00000000  00000000  00000000 
320:  00000000  00000000  00000000  00000000  00000000  00000000  00000000  00000000 
340:  00000000  00000000  00000000  00000000  00000000  00000000  00000000  00000000 
360:  00000000  00000000  00000000  00000000  00000000  00000000  00000000  00000000 
380:  00000000  00000000  00000000  00000000  00000000  00000000  00000000  00000000 
3A0:  00000000  00000000  00000000  00000000  00000000  00000000  00000000  00000000 
3C0:  00000000  00000000  00000000  00000000  00000000  00000000  00000000  00000000 
3E0:  00000000  00000000  00000000  00000000  00000000  00000000  00000000  00000000 
